175.0484928891872 37627.3671875
177.0642626001379 153521.1875
179.0798259036017 24713.7167969
187.0485443159744 22000.5371094
189.0642115687286 141092.046875
191.0799276915396 382572.28125
193.0954016810501 21835.5097656
199.0486065953081 21120.1464844
201.0643786741226 1573038.25
203.0799866679259 657029.625
205.0955557106882 283105.6875
207.1110727163661 24401.375
211.0486076650703 35184.5625
213.0643137265697 213722.9375
215.0799726719974 2001098.5
217.0956618537921 704106.4375
219.1111941199601 180930.25
225.064324942097 372846.34375
227.0801146254437 1198321.625
229.095698378416 2028600.375
231.1113006695124 549453.5
233.126743730351 105985.226563
237.0642507434394 64727.6992188
239.0800699385629 608002.6875
241.0957052143206 1595035.125
243.1113030993073 1507491.25
245.1268499298777 326676.65625
247.1424021377885 57067.8398438
249.0642978686652 35429.0898438
251.0799741927341 312553.46875
253.0957618776914 959652
255.1114463293302 1367508.125
257.126954643035 848612
259.1424329299713 186694.75
261.1581216547234 34823.8203125
263.0798248549151 77460.96875
265.0956541493476 480411.625
267.1113016707057 1022092.25
269.1270607243982 961001.625
271.142650414557 450859.4375
273.1580915032559 92793.8828125
275.0799305861695 39106.1445313
277.0955505261144 177591.25
279.1113418305073 549138.3125
281.1270646654421 766615.875
283.1426387165626 564853.875
285.1581518630408 218831.4375
287.1738689375472 48846.21875
289.0955406433191 72766.1171875
291.1112195171796 229734.84375
293.1270013791683 512494.96875
295.142613172458 543985.25
297.1581965581605 310013.53125
299.1738332483887 109153.789063
301.0955327668926 28400.1445313
301.1893495689483 25126.7285156
303.1112298363848 100255.242188
305.1268460199463 242838.609375
307.1425837323727 369873.125
309.1582964180436 313300.25
311.1736550972549 159966.734375
313.1894413949175 52763.5625
315.1112029892074 41594.5
317.1267718196145 118557.585938
319.1426087974652 198425.328125
321.1582206835073 236393.578125
323.1738819804474 172141.078125
325.1892940205252 78900.421875
327.2049479407956 23517.671875
329.1267688938733 48118.9648438
331.1425976538274 103747.523438
333.1582291730306 149011.984375
335.1737876295808 154513.3125
337.1894078186372 96805.3828125
339.2049327672949 46133.59375
341.1268095421334 21410.0214844
343.142478991327 44198.7226563
345.1582063031557 86765.3125
347.1737302700687 109439.71875
349.1894427587006 97001.9453125
351.2050920836591 53588.1445313
353.2206456786748 22883.5585938
357.1582478050394 39112.9453125
359.1737126203142 62349.40625
361.1894701870501 69576.3359375
363.2050559474094 55106.2578125
365.2206362664421 28011.7402344
369.1580703846604 19543.8828125
371.1738628714461 33009.40625
373.1892767449872 43183.9375
375.2050538341326 45850.7382813
377.2207351745848 30101.6347656
385.1894721258841 25224.140625
387.2051949609858 27066.4023438
389.2208058645267 24799.6503906
