-4.790000 48.640000
-4.662670 48.682443
-4.534572 48.719118
-4.400573 48.711461
-4.266574 48.703804
-4.134966 48.681791
-4.005720 48.645601
-3.877278 48.606729
-3.749446 48.565823
-3.620746 48.527809
-3.491499 48.491620
-3.360647 48.462129
-3.229036 48.435807
-3.097425 48.409485
-2.965814 48.383163
-2.837026 48.345617
-2.708463 48.307116
-2.578253 48.274563
-2.448486 48.240409
-2.320084 48.201330
-2.193400 48.157360
-2.068782 48.107513
-1.946052 48.053223
-1.823656 47.998145
-1.701260 47.943067
-1.582763 47.880449
-1.467524 47.811683
-1.355849 47.737232
-1.245607 47.660716
-1.136799 47.582133
-1.029844 47.501057
-0.927066 47.415302
-0.835738 47.316949
-0.741448 47.221448
-0.647803 47.125327
-0.556475 47.026973
-0.472099 46.922624
-0.395618 46.812697
-0.327197 46.697239
-0.261395 46.580258
-0.195593 46.463277
-0.129792 46.346296
-0.063990 46.229316
0.001812 46.112335
0.063433 45.993135
0.123457 45.873087
0.183816 45.753217
0.249617 45.636236
0.319100 45.521440
0.391630 45.408538
0.467668 45.297937
0.550247 45.192191
0.637135 45.090008
0.728464 44.991654
0.833043 44.907565
0.941048 44.828029
1.051988 44.752508
1.165804 44.681372
1.280929 44.612395
1.397290 44.545552
1.515910 44.482753
1.637742 44.426559
1.761195 44.373980
1.886287 44.325333
2.013371 44.282210
2.141015 44.240732
2.269002 44.200315
2.398313 44.164357
2.527921 44.129495
2.657654 44.095096
2.786975 44.059174
2.916296 44.023251
3.046217 43.989730
3.177238 43.960614
3.306595 43.924835
3.437101 43.893768
3.568439 43.866118
3.699778 43.838468
3.831117 43.810818
3.962761 43.784827
4.095336 43.763894
4.227911 43.742961
4.360831 43.724649
4.494311 43.710599
4.628300 43.702872
4.762437 43.700000
4.896431 43.704048
5.029828 43.718870
5.162096 43.741546
5.293299 43.769600
5.423314 43.802739
5.551962 43.840916
5.673588 43.897674
5.786389 43.969808
5.887399 44.057399
5.971032 44.161548
6.038607 44.277214
6.088828 44.401189
6.119462 44.531500
6.125375 44.664747
6.103854 44.796511
6.064062 44.924627
6.017022 45.050281
5.964152 45.173646
5.911281 45.297012
5.851430 45.417140
5.797197 45.539874
5.744326 45.663239
5.697085 45.788745
5.656657 45.916699
5.620419 46.045927
5.586831 46.175845
5.560509 46.307456
5.542604 46.440469
5.517542 46.572290
5.485326 46.702527
5.446366 46.830901
5.403923 46.958231
5.359993 47.085017
5.310146 47.209635
5.253408 47.331269
5.189140 47.449006
5.119181 47.563496
5.043618 47.674296
4.961296 47.780286
4.874599 47.882746
4.781076 47.978924
4.681885 48.069174
4.577409 48.153280
4.468150 48.231233
4.356475 48.305684
4.242499 48.376500
4.125574 48.442213
4.005418 48.502005
3.882453 48.555802
3.756838 48.602881
3.629408 48.644880
3.500508 48.682234
3.369858 48.712975
3.239208 48.743716
3.107841 48.770969
2.975666 48.794294
2.843490 48.817619
2.710307 48.834082
2.577008 48.849764
2.443710 48.865446
2.310412 48.881128
2.177113 48.896810
2.043815 48.912492
1.910517 48.928174
1.777219 48.943857
1.643920 48.959539
1.510622 48.975221
1.377324 48.990903
1.244025 49.006585
1.110727 49.022267
0.977429 49.037950
0.844131 49.053632
0.710832 49.069314
0.577534 49.084996
0.444236 49.100678
0.310937 49.116360
0.177639 49.132042
0.044341 49.147725
-0.088958 49.163407
-0.222256 49.179089
-0.355554 49.194771
-0.488852 49.210453
-0.622151 49.226135
-0.755449 49.241818
-0.888747 49.257500
-1.022624 49.266625
-1.156610 49.274506
-1.290666 49.280000
-1.424875 49.279713
-1.558861 49.271832
-1.692319 49.257962
-1.825065 49.238518
-1.956926 49.213665
-2.087575 49.182923
-2.218225 49.152182
-2.347736 49.117136
-2.476500 49.079265
-2.605264 49.041393
-2.731910 48.996973
-2.856952 48.948314
-2.981060 48.897210
-3.105169 48.846107
-3.229277 48.795004
-3.353385 48.743900
-3.477839 48.693704
-3.604405 48.649033
-3.732724 48.609787
-3.862389 48.575320
-3.993627 48.548610
-4.127613 48.540729
-4.261599 48.547153
-4.394428 48.564899
-4.526405 48.589281
-4.658081 48.615265
